-0.324043107658269
-0.017212529655449404
0.3747142889580823
0.21545201902059558
-0.05901512728021228
-0.026476105108047238
0.1288438382157624
0.16739830028313332
0.04859938075957835
0.07942747798894671
0.03762437568215052
0.08626559825153253
0.0788926538464196
0.12045049311810084
0.02819287951648969
0.0769934351930196
0.06912366718896605
0.10197124171849406
0.1379847884729328
0.005167824639609363
0.012711586271701691
0.05766913285176457
0.06998539606744333
0.08049088086983375
0.004247949741634413
0.09071202525127559
0.056903375966788426
0.023297697455706628
0.002412661801944327
0.06933481499897065
0.06739854033721797
0.028276698837590087
0.03635982615213987
0.04726557150406928
0.05672169043560446
0.06283744210552536
-0.02364765367383095
0.11326758318962635
0.10223364616858772
0.02049400272513925
-0.003358558772587371
0.017438222844928387
0.03453325238180644
0.12747682891162215
0.048004143460107083
-0.006769518313706758
0.015007321161803488
0.049673350233336515
0.026122562386053462
0.02059100675757979
-0.010380749624762962
0.028770499125263062
-0.01441056202910045
0.05789504724176479
0.007329738653862366
0.061792128757188876
0.05848424660673799
0.000915418134441925
0.029341543950141227
0.03697783475548484
0.09286016493387401
-0.020985646509342384
-0.024053052654455908
-0.005509656737474404
0.033539353973374354
0.036202340289693165
-0.016277629716800315
-0.0541325893607608
0.07034987287764995
0.01821023161160079
0.0006813653735657685
0.008460691216312412
-0.016719665768334165
0.006013620019410072
0.060591779245032826
0.030828312808685636
0.02122596823836063
0.00796358507537929
0.025153789713345018
-0.002824415403308059
0.00832593325893792
0.06257744597627399
-0.00107316664656459
-0.012926969807231266
-0.008433081204132347
0.039785434127750374
-0.001182777582517848
-0.04584298409620938
-0.010179630641786508
0.010528024287173818
0.07703875936197134
0.022463120258438742
-0.04102065114353304
0.004105489896595407
-0.004985563781842342
0.03544137412939296
0.04277462467123007
-0.03275759602620991
0.008529304846319224
-0.015260333406796684
0.031248241262137745
0.012821003704481124
-0.017426749974274333
-0.004295775380991567
-0.03630536072529271
0.03158562543030078
0.011069803374192205
-0.01663127473433452
-0.011897122199983899
-0.0009702676822636671
0.03180875607585256
0.06038444228476955
-0.02039329461003545
-0.01822538590389914
0.057486270707470366
0.02701606574626912
-0.03244312116472611
-0.04367228289279358
0.01137123218833032
0.001619912037963983
0.040722624853005075
0.0012770156976714575
0.012051742543010687
-0.07303840276883344
0.04949257652919362
0.03606409873810583
-0.00802554324609326
-0.06543113148042987
0.020222585284022335
0.05168039222328316
0.010538292403952342
0.007624735805664786
-0.0288147527510247
0.009474434251365602
-0.07566704386077583
-0.005445312143249055
0.07234812014198468
-0.001769366311411122
-0.02970390136008724
-0.003920394025102447
-0.029079313287540317
0.03853720297641161
0.021373964283366555
-0.044717253584158366
0.03323681904967653
0.020324551308102536
-0.010960245680319803
0.015952421618752228
0.08144315275238743
-0.03400999454584695
-0.08708149248803188
0.05895068524094007
-0.03568720517652248
-0.08299929728079485
0.024221820396282328
0.018968009451835962
-0.03087494523958245
-0.00459928943806668
0.014970340985285893
-0.0008663584436211176
0.0003443140983496016
-0.0249197952844049
-0.01800527923599737
0.006215301467278594
0.05877817610735074
0.004838732232974525
0.008671537076498967
-0.12304040686352662
-0.003938760964736711
0.10551647956130346
0.06701030283774922
-0.07399990314267618
-0.06729621675333221
0.04652118845597508
0.019223422980303988
0.007412400970244514
-0.014147475577679921
-0.009936959057619961
0.01537335833819923
-0.01821515324394679
0.0024434468858282312
0.02485345554714874
-0.038517235760180145
-0.00016358645495010262
-0.01083488431199555
0.03409709582848195
0.001589422142109593
-0.011607881295135965
-0.010736324976972482
-0.023446394942415395
0.033455547710523635
-0.00259914078570223
-0.0158072042241094
-0.009106489667995253
0.020205192621246103
-0.03654421271504704
0.014023954686043056
-0.0019935655080016946
0.004325425320735114
-0.032104762128918884
0.023373962131186272
-0.026368110996313976
-0.007779043060079097
-0.016916776563398937
0.010319662493496213
0.014155682197237326
-0.008734323347051333
0.0038840671290690195
-0.01597975829783348
0.0031473784791550777
0.0020086550348693047
0.02364032425229781
-0.11455860013339544
0.004956520069399871
0.06423107997366166
0.003311857785318876
-0.017151479035064778
-0.07197077752928806
0.04729459342430719
0.06037213918064836
-0.009574625120394942
-0.07394176877785981
0.018876451858358984
0.07149167330039324
0.05496659998722546
-0.04537720235043263
-0.0968727505462109
0.025348449236234232
0.016903351230623698
0.009052695469444703
-0.007280393763001168
0.016754740537417084
0.045634601497084606
-0.06466050436902544
-0.017682467446084076
0.0338526514826599
-0.023565565667336585
0.0008348996907649128
0.04693825197095864
0.018436671597774037
-0.0385668039749131
-0.04425318763288963
0.006124769793898884
0.012773539016455338
0.007824260164224023
-0.02115010843062144
0.007782104531226161
0.019417832668683778
0.022445546581040032
-0.02869544905868614
-0.009126058261510304
0.05773585148539549
-0.04584868748993541
-0.04433338190932669
-0.00011971481597467043
0.017427028575976618
0.02483836681994312
0.01734971866932773
-0.04032771139975136
-0.011411994948492715
-0.01783053677627528
0.03384002052790783
0.005253395178775257
0.026240520121749423
-0.01152060004416138
-0.002104632866484212
0.03087174041761293
-0.037235586451434634
0.028968080376614178
0.024792827865901156
-0.0031949465825516195
-0.09297959978603966
0.08131873732864181
0.06751748782396508
0.004115828659323353
-0.07948392838783737
0.0004994347500318629
0.013850565627326004
-0.00013003929584171406
-0.006866939552440148
0.012222191890183115
0.00677401497318093
0.02599756456824843
0.047279629077670214
0.01951161215340386
0.037823753622919815
-0.1513572821571974
-0.027031724767402267
0.15252762755856672
0.04621225143936969
-0.06062295887020501
0.013546247729893348
0.02622150156292748
-0.012721550162039373
0.015034484227546384
0.006748863798359908
-0.017759408168280224
0.0013842067796893834
0.07197964423562006
0.0768385923190684
-0.007783827497156073
-0.10497089265536244
0.05136675828629553
0.09334161517764013
-0.044314730225876155
-0.002802495526568574
0.009218164731038528
0.024136463129227567
-0.02853427328572975
0.03165978985617879
0.017271467526561158
-0.002623608344508314
-0.006249282706678948
-0.036959780243667265
0.013677841402688936
0.01792902191279064
-0.0024969276654015367
-0.0029445444969661166
0.014781443993753586
0.009857775200953022
0.005075057563546924
-0.020928945891019558
-0.050549947415128006
0.0042375318896748955
0.04782987693892463
0.014354789824393489
-0.012937938831136857
-0.03510868803646068
0.00746193426038278
0.07721111859520449
-0.06708806792352039
0.036397150607850974
0.02706146940564497
0.082513514032219
-0.0361560589780658
-0.08631763888637627
0.08951283986486606
0.030027965287833313
-0.05108105254650035
-0.013957987875825062
0.04379786507265812
0.008132050689320273
-0.06696397681838939
-0.018075532060010453
0.11059370511137478
-0.0636468248665433
-0.05648629776534884
-0.010199068712546564
0.1025993267513535
-0.022460472044200732
-0.07489578898024345
-0.007761970634015625
0.02945517054031966
0.06857797800109398
0.04740919213054364
-0.026791698773229934
-0.06659597731150109
0.012051310924241778
0.009480611061677127
0.023324186316735034
-0.02029276793887557
-0.04005705722677021
0.04037258969873718
0.047235686301892316
-0.04037923629901202
0.0027877317848823313
0.007502399497198572
-0.002421106484169499
-0.021366482398824875
0.02269325497996328
0.026020712603687008
0.018066151534283082
-0.005358595607691044
-0.033569631647593315
0.018870038703252393
0.03561745560823105
-0.006796365594077399
-0.0054472790711423075
-0.013539774679575303
0.00021118888915376877
-0.0001695240652702228
0.04185567151798653
-0.021234504646312
-0.018810616035719516
0.03391471222424907
0.07661774237261472
-0.026306813920379486
-0.03652603580612619
0.012181115001628958
0.03943343098247779
0.01427155853090852
-0.011656382540277772
0.01727384638946423
-0.013619168909347659
-0.0049193764344673705
-0.01720731335813697
0.11104297709012292
0.009876453952188533
-0.11121799432023254
-0.02229185475197554
0.06972265389562342
0.08421228317659578
-0.025859156502079005
-0.05291425580002069
-0.05197980073513587
0.035051967752623744
0.04888731651528548
-0.011811590357798267
0.0008195939532408718
0.023227557217443098
-0.0038131027090205277
-0.005765515571822841
0.013955413623602362
-0.02928827422464344
0.019471739277404056
0.020493795967195104
-0.027770356561240064
-0.06122583545483801
0.05887351663200454
0.027769013073585834
0.0026163552633977653
-0.02162339361649934
0.007116934295795628
0.007245254559247686
0.013960989654547786
0.004833443888104445
0.010411934587752178
-0.007091090590393161
0.02346145829587737
0.038316035821553164
-0.056626822882638435
0.031656951406715435
0.027923328600371902
0.08142014953167012
-0.04112028625691589
-0.0022802843827585254
-0.022657704817253026
0.019344023981640524
0.04097486769427123
0.019074193282558497
-0.02316423756648284
0.01818440809644877
0.10028706300747259
-0.04131694541511939
-0.06514152230623062
0.0374845777407431
0.054141157444106774
-0.03714014797749756
0.006599024596863199
0.0034532944238026067
0.03654805788417347
0.014184543054816602
0.01274703524774401
-0.00594898256266665
-0.013216317761153493
0.04396510847373563
-0.05431064884287926
0.029990279012767553
0.058915843906701876
-0.09123563607160176
0.021212966044912785
0.029346799964314548
0.02857961458093964
0.028437485159419577
-0.0684578147332841
-0.033926290715010125
0.04132232539338458
0.027824477069585983
0.07745540385395978
0.0005125344674044346
-0.040800152742361054
-0.022746745619406095
0.011791894846766708
0.04664940040652304
-0.04162484648316949
-0.09355271822848081
0.01864240703394902
0.10236692206842483
-0.020394932608810513
0.003542748034712596
-0.09245092200045156
0.05391425084408718
0.07750184198410642
0.019206450803548103
-0.00125454827249177
-0.09971176008749959
0.04337532381807078
0.0367294920231385
-0.016801189226243612
-0.004064580958011998
0.013528453130312649
-0.0025382807004449203
0.04961075089792507
0.022464139545228693
-0.005528384629537972
-0.02544558064170892
0.004639688035229301
0.06873153257937548
0.0056043708952378144
0.0033337994991474587
-0.018729622228275112
0.03778130484702698
0.01294760565513567
-0.009694396419196867
0.0005784535190218906
-0.00746437912757603
0.0011282422420474552
0.054721648422441344
-0.020518044524916203
-0.022761457753850023
0.024429373404359318
0.017903822014757192
-0.024959625322789943
-0.021252054579103064
-0.005711785734749385
0.051827171630133076
0.03689488828244388
-0.016520368473683836
0.020658805580729203
-0.05139667676838588
0.056734832976078994
0.0010497328308388637
-0.028642189601727347
0.05252193361238015
0.03279654729689329
-0.0197994784124743
-0.005039309474824972
0.003576615737432015
0.02924201810625016
-0.03655485356752127
0.05404624196676502
0.04642884541941033
-0.08116410057440979
0.01731398212434595
0.04285322292425093
0.023485461266510074
-0.020629604616278687
0.019267362967011845
0.09636498987004044
-0.05073649414021772
-0.06897990446266455
0.019863203307251772
0.06850497714914998
-0.03508879319579197
0.017806212178927475
-0.02769496037235861
0.07908732278023506
0.01644805397402947
-0.057470606845158416
-0.10914409952766137
0.018707477582449426
0.11676838136666527
0.018715540424309594
-0.06249072101835421
-0.048947245020588115
0.06204309470608262
0.08389685261511996
-0.01459990654323799
-0.03557004903534057
0.018596705542710704
0.05508998190889897
-0.012201779880199055
0.005358286096418211
-0.05228513027664062
0.006081464359356741
0.0036406886986997933
0.07446222770467886
-0.03353635572317907
0.027973050376030494
-0.016057746881567837
0.010167277654112804
-0.008693100062754654
0.007372006484361728
-0.022153347279523814
0.01234646133051752
0.025064055206669128
-0.02012469724480737
-0.01765401163542573
-0.016864593059049957
0.07897970426664457
0.014718870846268209
-0.0386242473770576
-0.007536362001311866
0.05349110729689734
-0.011485941548990651
-0.015360397968307422
0.04391925313897935
-0.0076337112143738065
-0.02376574494152286
0.051050055012859544
0.014351491902552936
-0.026594022449669352
0.011911986935249894
0.0320757753503012
-0.06359491037943328
0.015355491581896289
0.02338404885556683
-0.01576657848145359
0.04910657714274983
-0.026010164294778128
0.0011627829706089565
0.07196586122408759
0.009917553316169786
-0.033586783490078646
0.026900308727754303
-0.016714995506541538
0.023890046109385853
0.042844327282606676
-0.00960672197691821
-0.021064058468957907
0.017676325639056578
0.005784815855276818
-0.035866964985073246
0.007026957660643858
0.010517179939785258
-0.004406937979766078
0.03395194590604855
-0.02174622621499032
-0.03548154720030018
0.0012944827945650214
0.049530142387064886
0.018241272794915032
-0.011433708033099496
-0.011954742207377968
-0.02229436492102648
0.025231634505811472
-0.05114635775830395
-0.005195921742453275
0.022680005987624697
0.03256322673047512
-0.04811368937942049
-0.026104438745073937
0.07031912368996701
0.03206932354695009
-0.05037551397085085
-0.0276527552452075
0.02981032259237235
0.014298199551387924
-0.04579431641311759
0.05438921678762862
0.05431731622871189
-0.05679547405429662
-0.04888924426787703
-0.017151524361062667
0.07520476107553462
0.020763934342472146
-0.008442030282098282
-0.02772726251024614
0.010056914778884506
0.014513617235482045
-0.039815107693742656
-0.015555816264865832
-0.012450140377902258
0.09306798529788188
0.03822022138122909
-0.01164701382072261
0.009376624537537908
0.012649204946151613
0.03717740440886018
-0.04249273569561684
-0.03494278546611543
0.09072512759802523
-0.016259793686470694
-0.03156158160906893
0.04965494322243952
0.00150612000848433
-0.027690820219232637
-0.04196163947083988
0.007126629687298628
-0.009554145683442834
0.03262364484183121
-0.028991248227500793
-0.041544679141061254
0.011637997980708772
0.0013903780523837768
0.020081179216831783
0.005797447259990456
-0.024792168742942537
-0.0017868960938650347
-0.007717861575738674
-0.03308728296911261
0.09081771118721371
-0.01599278273364478
-0.07692619715675683
-0.03497937978849143
0.11068862248365022
-0.023454294674713716
-0.04389710637879502
0.015633727181845927
-0.005139893057164561
-0.01426786116029318
0.012550864463682206
0.12414973762071184
0.002389435429772944
-0.08454548076731358
-0.03160692086216934
0.052822666894959604
0.012225001682133007
-0.06209226861473898
0.0185500870650359
0.02458404287750266
-0.01209219403798674
0.01737860609226677
-0.007046783724490649
-0.035992793029193386
0.0013991847371818752
-0.021875819819104886
0.04747162876143134
-0.04132385520798602
-0.06076756338208249
0.013703496019954001
0.1368300805393047
-0.02600255703762125
-0.07399208623565999
0.02953409571714196
0.05437636945804435
-0.028489400694595764
-0.015259586595864382
-0.004870233214858165
0.024401706912880444
0.013637206037995085
-0.022229151261773765
-0.05832343493645275
0.03766035546483587
0.009072225206966525
0.005105463325072276
-0.034081147170985676
0.038799082522062905
0.020863687639770406
-0.025829439009528252
-0.040447250507689284
-0.0007812914335301443
0.0517554248508142
0.005249119902018681
-0.14157935403028155
0.018567549268634423
0.15657125682500014
-0.06171024792736754
-0.107367452148772
-0.04717520720629873
0.13718265123881934
0.13215915468327946
-0.05701965534488489
-0.1278968598825448
0.007537707528162324
0.040664999375575314
0.029262545575226544
0.011800640823594494
-0.07171854423902252
-0.0513040426282232
0.036623693228076536
0.07916047079273476
-0.05209404612756078
0.009868247949252475
0.029518716946332645
0.03366097534612803
-0.08252373833874665
0.034597096577422805
0.051804109151400546
0.02173112258866017
-0.0006894656385622441
-0.002888081281433074
-0.10417940854956789
-0.009678007203506126
0.11403074286871202
0.018638667198315598
-0.018792809518983714
-0.07243712317565994
0.009996729393607823
0.050721023320427945
0.05987956101671486
-0.059132960687581594
-0.06687883837429394
0.037014254696283
0.05897863361510312
-0.008874941591190321
-0.002277376991226015
-0.01664352766591349
0.0248169064109055
0.012937183667679425
-0.00462625096052809
0.012252403223567713
0.01852463159930872
0.02155200109828372
0.02008088690420477
-0.05328930811986082
-0.008317679829998911
-0.01046933393588618
0.008959062027500284
0.009065081988642865
0.057676971807481894
-0.03707420175973783
-0.0041461385781113805
0.05185968769251063
-0.021697420803439855
-0.003792227820748967
0.00256707744295073
-0.004564997359679378
-0.013554169969644264
0.04236335771139594
0.0031104200149474066
-0.0048603238365535865
0.06412406515194247
0.014581699511076967
-0.06273649786243468
-0.006620364851435985
0.04568006025305222
0.03987193458527177
-0.05868935026804551
-0.054813894426829386
0.05326223563249442
0.051795446454759975
-0.02029950823554233
-0.03944669846928815
-0.0057583462786636765
0.019685433925329846
0.06298493847417948
-0.06360355694461285
-0.005113804832113501
0.035911659586830715
0.02513351158918786
0.000497191194919687
-0.04528634966820063
-0.014172004784806154
0.04323606274032146
0.05615359570243194
-0.016363632728219987
-0.06255351781358098
0.01923907792998441
0.006852713811824257
-0.023370706558008342
0.019954851220367508
0.005266473245350841
0.00868064100814627
-0.02047185052841924
-0.002988116119680965
-0.0035434139417712157
-0.003974011118832765
0.009313932042967172
-0.04599723007522854
0.016607031048819096
0.031744395113013524
-0.0004954779809688181
-0.038818962687982905
0.042269296759520174
0.010160508559967378
-0.021651649030244666
-0.06876633653996624
0.017561543312144715
0.024738184323571243
0.009359592077677904
-0.010015996173455713
-0.026964474583787017
0.062306512339047736
0.06870054129098312
-0.07765082297561729
-0.08518682354317911
0.06268208566637103
0.05997112656887136
-0.05257972226112181
-0.049251609917724724
-0.02498589763890274
0.09688880535405273
0.032074382026197626
-0.06563273772631349
-0.04347685330949374
0.05127041138395645
0.026731029468938194
-0.010864841981207697
-0.02683629667467505
-0.022350552113240107
0.031210905225677307
-0.02114619857652029
0.003477163655447211
-0.011129346583833025
0.06125207378232685
-0.05031585566511751
-0.024980150519472614
-0.004275813310927424
0.03268036568545
-0.00850685839348578
-0.07570258634016551
0.01963227877968148
0.0064843079925089855
-0.02691252620183813
0.006734477436395624
0.004901626105386381
-0.021646455878333647
0.00218513097202504
-0.039225954920261985
0.02747146877597041
0.005976542835614288
-0.016584632214302876
-0.02667685935377318
0.052967451241547725
-0.044065195402786576
-0.07033714919655058
0.04616367023969274
0.07347560420358192
-0.07640745453875654
-0.0554077655158444
0.08163779916792989
-0.002931557995569429
-0.07437169685042316
-0.026636049862512626
0.021649684650822947
0.04172639407051999
0.022145207041973473
0.027315732112658947
-0.04690359711520657
-0.06279514991145216
-0.002124965338248607
0.048264807952737965
0.021475994976242304
-0.07695924227177539
-0.031023797070127365
0.064463857556321
0.018871401702608908
-0.04913156905295992
-0.026696849265470307
0.05363829623027626
-0.024188029397585045
-0.10324043443462501
-0.007615325498214582
0.14010247355076055
-0.005365673479610159
-0.046196690910560494
-0.022527086757119105
0.052157086455715214
0.02654300538373676
-0.00886345600447345
-0.058877863518108184
0.05826375277211825
0.052342263462385026
-0.03742463517065504
-0.08593534236709767
0.040795499535168485
-0.022227257955377226
-0.007364241765629395
-0.08581078090710137
0.030325315774038478
0.05381907743294351
-0.0013350664888015767
-0.08345030722635183
-0.012394302910733115
0.06131040130312161
0.00465571503721733
0.05612512975978711
-0.021901250314559303
-0.0945403252534024
-0.07357877801637022
0.06269120815058149
0.04908970660149163
0.01553496919283029
-0.07781973203367373
-0.024715335249509716
0.04491893132418791
-0.014642378785786343
0.020526724256541458
-0.04460538122196641
0.027560581935563083
0.011432614446486068
0.0025840967602205928
0.02311856927850497
0.011138064123633119
-0.03476543290756475
0.009406506348311253
-0.011885693196037264
0.016641416880548852
-0.02112173421343302
0.0349094611282969
0.017644755123700503
-0.04206370760080453
-0.019216237655811375
-0.0016285594430181366
0.026415437828598645
-0.020889336851129096
-0.0297803529858908
-0.027872500936854817
0.04107224410529118
-0.04843224959440428
-0.0002130468322099971
-0.02061847620440903
-0.02967263404425123
0.022760411456487963
0.02760922055647422
-0.009533441572032054
-0.030931892025024565
-0.022162642946146012
0.0022563377748987382
0.051495368521269486
0.07671560609102969
-0.021513369069253403
-0.08974538218969971
-0.030408958734997934
-0.0036438723104059443
0.06769965744463272
0.009344061257419373
-0.07420820385740994
-0.04858355889507099
0.0023547022525591595
0.0390217579254369
0.02377736152002555
-0.02912067152980322
-0.04386992470575402
0.00013362848284200005
0.02178059591819657
0.061237811765602286
-0.06891106980911117
-0.07784039813483298
0.0049266854602993335
0.05863124018071255
-0.005310306221065029
-0.05321501503601523
0.02583578871094781
0.006882903306796038
0.019073902348198564
0.012873071010975758
-0.07672667974594982
-0.004873937487447542
0.10698850810368843
0.03238542637637057
-0.10712516636642093
-0.07051721718189333
0.004264158050559244
0.09025970592869918
0.028589991478171796
-0.08325332514624749
-0.02629071527893941
0.057715721408763666
-0.02072458955808509
-0.03207562127125488
0.007066313017049206
0.009426196577215698
0.013947896399670298
0.006068784336508797
-0.019022841645118103
-0.03511674270530197
0.08187173074345794
0.062074318923004586
-0.09789862864798228
-0.08486716747944627
-0.0037843593724026384
0.11658039228808041
-0.013013138529290135
-0.03613579357043662
-0.0009714443880230945
-6.049515968424837e-05
0.014260223586653065
0.011901837171010676
-0.01579601201861733
0.0008359206935109424
-0.0284752994490818
-0.014750624015393829
0.037741682514330806
0.05321611091449265
-0.035494045367837644
-0.015161294084180186
-0.0011535468688651704
-0.011040693102354218
0.0341770457288307
-0.029039913936259997
-0.031173797586221564
-0.02825982735839197
0.0144249072681516
0.03294971844896937
0.0751841942952343
-0.03183637375674357
-0.07245697058500149
0.04877270537345528
-0.0463382403627729
-0.039331641510000986
0.0119947691619384
0.02405666367108625
0.026012543799447677
-0.044710059201588735
-0.03503176072355503
-0.0028189480144918734
-0.016549839489102363
0.03328810628992528
-0.0028643768880507975
0.010363593755109693
-0.01810585208962846
-0.03511196430782543
-0.004470550313496499
0.00525080131527025
0.010662920410306432
0.02524999817952232
-0.05142233614168279
0.04934892650755603
-0.004041690676645852
-0.015268490595149974
-0.03152574842238364
0.0378426552167839
0.03894301121127571
-0.02347336554894777
-0.06350806797321373
-0.002440844354124056
0.016339132741316494
0.050627380133636206
-0.04494671775036134
0.028685448273657016
-0.02082053776885534
-0.023387137309176395
0.010320668773732899
0.038701548698300926
-0.00446188137490352
-0.07009960047976678
0.042668540275860714
0.05586924283148374
-0.01794145415310006
-0.07708245692389527
0.04482992368918344
0.02294749927869491
-0.0019351673132816949
-0.03343936235946948
-0.007954903547810619
0.03235643410044562
-0.018206013890102565
0.02471703135086746
-0.018693353724898432
-0.027111375908237957
0.02616003921642416
0.029450846893885753
-0.020906641740046816
0.02921304467753038
-0.03452974707759589
-0.055875000877037846
-0.013506282053768179
0.01417112480571948
0.01936845875657744
0.03969023641525179
0.06098483792506309
-0.08692100760673138
-0.09235172925255988
0.03427148865001806
0.07779352990048506
-0.044972131483891044
-0.003296540319883248
-0.025220605109431332
0.060808762942065
0.051684556753019036
-0.042601221572295234
-0.028755618514305692
0.01079196618715258
0.023594472096337565
-0.011626775394062686
0.03737018245347726
0.03510121452382118
-0.013544295628667423
-0.016789944488938672
0.016941499894512293
-0.03646802107578062
-0.020777783161782696
0.038743433246975795
0.01257728983993361
-0.021095784291466378
0.018868790668929995
-0.02683984601775733
0.015915364276612682
0.046975742355662015
-0.0382893839525189
-0.018275346382903155
0.08125466857758366
0.03630588036100229
-0.06830474399486411
-0.11184243799905598
0.07814430520759767
0.03000569530546625
-0.02150632834867242
-0.03799132751238936
0.010623949404166796
-0.003195586148188565
0.09673886602634484
0.017037021531650733
-0.056197159649060385
-0.015885103682495086
-0.05392818251347368
0.050791877204718464
0.04318757997783708
0.004611235502482051
-0.013712958764277361
-0.02142215352930843
-0.028625723451321302
0.011915671790438521
0.009072188565901333
0.026417115213369206
-0.01614204279580011
0.0008856636665875329
0.022253963505956563
-0.03791356854378118
0.013814005239671166
0.014221301896270307
-0.004113754074799784
0.007061209789539309
0.00046401892575105775
-0.0019250052421067349
-0.008248518610849588
-0.023373821729327362
0.007424769732638354
0.008770208864417452
0.014929688196961124
-0.0012517533715661635
0.05260461227266785
0.0006494865859957855
-0.05088097652324052
0.009196588912459537
0.015000932845433766
0.030348918399591494
-0.024865651905798876
-0.061704246994636135
-0.011402420278521182
0.010385419677844537
0.056514666903400096
0.01008852632180346
-0.0217957892196342
0.05810776262654536
-0.005319855307327895
0.013274383155592248
-0.03398303392882443
0.005214021233719004
0.042567773044934726
-0.03982227093612164
0.017767044203523884
-0.021907895361972116
0.05657667225287833
0.036638570766420665
-0.009723946512514365
-0.044544990394805264
-0.0075682490584328774
0.024713806749548907
0.003698987259421495
0.01078133034708795
-0.003585529217366967
-0.045139003189174964
0.03859444261344005
-0.011400300229741499
0.013606219258134909
0.006907952334172844
-0.01864650427717031
0.023356009133220265
0.02725409610866779
0.023934117157462437
-0.06752468551194657
-0.0024906694620764314
0.02221206736870892
-0.019908925300436486
0.02284060195419292
-0.11235629055570488
-0.015857847160515675
0.09464676316414775
0.04673054751798191
-0.01873762118210902
-0.019367007044227242
-0.027349937149456414
0.003691601128879331
0.024213564281974884
-0.016649038968775502
-0.035836986677432896
0.047107928350277314
0.035295384037586565
0.014912655685389504
-0.029080877043182997
-0.053485013668522915
0.030945433778988965
0.03123729631465862
-0.0018975007082546527
-0.007783912224784741
-0.06693727589830648
-0.030271584750715445
-0.0001674439429607793
0.0671284193677713
-0.0015784820311784634
-0.0026729964332658307
-0.07707370274003145
0.017636838015783217
0.04723524384700582
-0.02857974728292348
-0.06428264182956853
0.03951054040981822
0.010641247756437011
0.03935309482886812
-0.002360674463654187
-0.02007630447559732
0.001897931127023918
-0.021898141112287235
-0.01319616628911982
0.06384970060756166
-0.0018263531363910952
-0.09807754497834523
-0.028318418900593507
0.14764723605052738
-0.06411735068823218
-0.11992373266813493
-0.01012226134072845
0.06720828865359016
0.06500735362011623
-0.0039864657983008115
-0.05112741453679004
-0.0685731991002466
-0.026510703168297258
0.08292040405642588
0.09407433602055522
-0.00682068807816439
-0.12117613875790133
-0.028140446485665545
0.04346618568996078
0.03471773402340134
-0.0085156075605437
-0.028358611014922715
-0.012331899544732064
0.02661386414900776
0.046458272188996314
-0.0315759578205306
-0.031287739665779
-0.04289415225226029
0.002013993147874578
0.0019441379250255198
0.032187959595673866
0.044724497728353546
-0.04985748628322239
-0.06320620361027124
0.0037481961062840155
0.013287057372240741
-0.02040514088159561
-0.012700209860367994
0.004718584918462323
-0.05670999942130644
0.021097300319369558
0.07669483043810066
-0.08526471249165875
0.0012572720320915558
-0.02162109005464996
0.021929593266385956
0.01814569785565521
-0.06319310239978942
-0.04785872217529287
0.043758527238597786
0.027949356233594562
-0.03543892268809903
0.00954443817101458
0.0263669171131248
-0.0207021759276201
-0.01866082256128587
-0.018165570826692064
0.008392913578576064
0.02243392228264683
-0.03286743996153542
0.02408339998128858
-0.006772955664224837
0.0018824891710697439
0.0006170188649713409
-0.016775970585266923
-0.026091543630677404
-0.007046618437877547
0.05600592780793578
-0.02224239398101362
-0.062331339921066854
0.02313395809559478
0.03934810904133099
0.06986965256912835
-0.06363513670172312
-0.037511854191275194
0.03172297402311107
0.006755601845248386
-0.04306312370957154
0.0028366968511979907
0.04510613008143181
0.0237644735820041
-0.08522323333056327
-0.02951795643050499
-0.029941159009760427
0.03639827816438508
0.03760161239330325
-0.006348999373890531
-0.0035918437854944446
-0.08816305867653719
0.006724592971034794
0.06720025789027685
0.02668160984977098
0.007899805490114134
0.0001375082640360408
0.04061194217597304
0.0035926834245065555
-0.10315082112327634
0.02166545048903903
-0.05462658011551676
0.008017133434233272
-0.005219951942415575
0.00927759409427171
0.0023741297261072104
-0.04435970563879816
0.03977083421120755
-0.0036605272661508143
0.02513085579220492
-0.028639282368220678
0.022134827637212397
0.012274006949323474
0.0036872261417118628
-0.002052621576402158
-0.0066568921426704945
0.040408557778230374
0.011419567167084733
-0.034489757063300625
0.003710707338156214
-0.010104578054686062
0.03116363430736938
0.009011580064052256
-0.095489055078241
0.0011598041653811833
0.052704476459453954
0.03989692677508657
0.0022839537754938337
-0.016775434129688564
-0.0433613071833096
-0.03916662803639678
0.11563196864228345
-0.026534666495921518
-0.07639856464258313
0.026093464648882576
0.027702849784534297
-0.028472613320341362
0.014400771498838246
0.00552501876417053
-0.017626141998716604
-0.02594888716120616
-0.048958675423968624
-0.053233590789551546
0.13612733798076002
-0.010006211563625413
-0.06717186737826124
-0.013577153232353088
0.03418902306099743
0.02037229992200586
-0.05957868212119801
-0.04991533084953966
0.05138939633058446
-0.012207147822375574
0.013025465206228253
-0.013259478829845487
0.028177458030375656
-0.0055049285187660545
0.07568483045522369
-0.014850575618701477
-0.11502137479128668
-0.007943880745250306
0.05166126252370176
0.02511272841046062
-0.004061741886530358
-0.05783277502437127
0.030173973275143286
-0.0006834188807420918
-0.0418104776033415
-0.013157393456883836
-0.0033278026361868085
0.03041586811129779
-0.015410917932580198
-0.029308165129139016
-0.02323162568915776
0.012938839442784157
0.059614972975006696
-0.04019993068277667
0.014902013910394224
-0.02591147834912283
-0.07237798378243766
0.026123003937785844
0.06023710733198256
0.022636506233344785
-0.02291222404247297
-0.03585981791224347
-0.10976415833277318
-0.014289786593388577
0.11117029955491829
-0.004013997116784618
-0.05271015317374572
-0.016227427252221857
0.03502125955346262
0.012785638157662661
-0.05811350939357368
0.0162556890403793
-0.06115299525259293
0.03722744203124025
0.04478450616444834
-0.017869705461013272
-0.010747136160203287
-0.05544993260641842
0.004261291822515968
0.007817133664804955
0.013596166864416651
0.04922745450150996
-0.09182363912763414
-0.0165276065249799
0.0288081933807316
0.019878728242452667
-0.021531555824191168
0.029614523360243533
0.031897806014091
-0.06430470476365259
-0.0009479963716331951
0.022684484969598774
0.043627656263883076
-0.05211840303414906
-0.04336980123167545
0.028667065724959338
0.05280847645717753
0.005406855305793411
-0.01692918619839634
-0.07401476374819851
0.008318709825992194
0.052856368585310495
-0.0009843596814948178
-0.04873609198746021
-0.049069670653391205
0.06739741436160435
0.04711960494217195
-0.06637205307196359
-0.09949066662223348
0.10172912560855221
0.1335506241008651
-0.13213931842636495
-0.08751237691141564
0.09067134933353074
0.037321090691228714
-0.017253508172962114
0.002736189598478179
-0.02272792217120992
-0.0329325645026786
0.01865157798726743
-0.008748791590072663
-0.018544831217688552
-0.02640056274293164
0.02831273817875533
0.013939681902955345
0.009112847712922645
-0.047070201573186705
-0.051239959737374274
-0.0035453244002852467
0.03699693501497258
0.03405613903156143
-0.008531908294676545
-0.05542359676113851
0.001979453528204055
0.018785731463800356
0.01496312052167479
0.006137244611917084
-0.039696641047825124
-0.009581811013980755
-0.021337027828600624
0.05576952314693474
-0.02949408786718596
0.02993618722128031
0.02478031210314516
-0.04760384728520268
-0.03221421111469791
0.07496047318236779
0.09517523889288089
0.01297077853542657
-0.07529326588990035
-0.009324338826734205
-0.028586158541339078
-0.01346534306160043
0.052812299936059105
0.030256482934345432
-0.025941585955580382
-0.023558110888715983
0.0036384475041749222
0.0024245338406554016
0.01695799499707142
0.05941893668446919
-0.04410616218833704
0.04095756299575995
0.044479437392346936
-0.0690153352845859
-0.0283866610411907
0.03487218101238023
0.01480768367721498
-0.053371280626228326
-0.04154522116865948
0.04734106623689535
0.10586874686658626
-0.07733607741779762
-0.07530211619806924
0.03804595549265362
0.03634840938312919
-0.08909154126669579
-0.05576061479775019
0.10078423752055489
-0.0032650084985536617
-0.009132255405565564
-0.014142063615693205
0.00782607086904084
0.0717708327863375
-0.07530933080592052
-0.019242373121569283
0.015935858059851604
0.016495618164514104
0.029798520739647963
-0.013586248539127927
-0.006579931959801967
0.07759463710055661
0.031231852933408015
-0.027701683137444796
-0.04448863194163813
-0.06335163217702437
-0.06328449204198204
0.003228000414354134
0.07183575730023517
-0.006172175592998216
0.01423577890377833
0.021638123790428225
-0.035292401807301164
-0.02874198220502706
0.08781232812335969
-0.04057493618819203
-0.061582630647897325
0.005892634404423052
0.05079079802964256
-0.017112141284796944
-0.11953204061199461
-0.027943974777176646
0.032768990687805144
0.09363722573615543
-0.02497368124452233
-0.022972038864331048
-0.018508389198088934
-0.028708846723154685
0.04243284214080651
-0.014333795115296028
-0.023270071746368633
0.026557253315628984
0.0289312739614321
-0.05875323739840654
-0.015147107996829095
0.007661551522209142
0.09198912429366693
0.038961131180993994
-0.1340365894329187
-0.08658588502440562
0.05450741101786187
0.09005351674196979
-0.03977221704661227
-0.022430821797543538
0.034459295657385945
-0.0613572511822308
-0.08535402047373877
0.04729026511091414
0.022098372700138917
-0.013157497515853062
0.029832897419649656
-0.0649329779764582
0.016073428493211365
0.015818883387707598
0.012505424177887955
-0.07145135155054816
0.004907214682842686
0.034927426648523455
0.014809638416623935
-0.03687228031451817
-0.10811121063862417
0.018257533009661667
0.0798433486845027
-0.010902692108778398
-0.0176012055610614
-0.04823398594089948
0.008145631454797554
0.027177920806196576
0.04519596254807667
-0.03183840173858229
-0.16887622393378596
0.0266693106062347
0.09622170715575115
-0.016564663544167173
-0.04682462882808302
-0.003929245947130683
-0.04805907367014074
-0.00012288957276758544
0.04248779485197035
-0.023491721466026412
0.011070507221900935
-0.026130600757382317
0.019171846993229543
0.013991493687973755
-0.052676271818358864
0.04382975559038926
-0.011949720912254021
-0.025424618425105752
0.01643502265200432
0.011403944217352805
-0.09015354198388363
-0.02921204127518945
0.01960345747467412
0.05866329164719286
0.0004504823448129297
-0.04508351704359421
0.0011316313850085287
-0.02147777947570276
-0.014042746833399693
-0.008563767872990211
-0.013984277927703419
-0.03218928770593068
0.022526524316065825
0.0020133417038088446
0.020077017843092786
-0.019477190722174943
-0.02478919324226375
0.037405126337241024
0.016122450857484986
-0.031207342147682823
-0.050984796718423465
0.008750887821352183
0.048070506795070155
0.010362129674825605
-0.04839926913776227
0.01564684305283017
-0.023119589948570662
0.034793600933879426
0.03372020176282897
-0.01908906909389713
-0.07245666340366148
0.020505779677606036
0.04445015186669909
-0.03261287473812545
0.10473562439010073
-0.002004088543178976
-0.13666779249047328
0.012125070057583488
0.09355619089530856
0.05143280617304915
-0.04310750908429682
-0.008915436807609143
-0.019690780996484736
0.00015408214153200884
-0.019439954657291997
0.04411373805397296
0.030561024319404086
-0.06990040916784658
0.04331148637444607
0.02645429860195277
-0.016450829192932354
-0.025068214265683966
-0.0040623863348828995
0.03431786686234351
0.012737713054574959
0.05234829581568927
0.023601351159113847
-0.033841658388529344
0.01400065263229335
-0.0030826370146165185
0.02230065192604981
-0.03935347699330911
-0.038975923912258195
-0.035531728744985086
0.04479421033439877
-0.02032820613174939
-0.04700731094141948
0.03720349840215573
0.009342780957772747
0.036899846539268956
0.057989917310914046
-0.04885984362769261
-0.050110408665671
0.05208687707750058
0.025125403309178382
0.012046327114499667
0.04487496098747493
-0.03882502429722245
-0.0005054108130438333
0.10626306376853668
-0.04863314638516152
-0.04214848234622324
-0.05962619951959375
0.00014840592667067195
0.10797289509881096
0.023619428131932588
-0.0011571625391124962
-0.07049285407008542
0.0037567122863431447
0.08803314698828599
0.03476250107026842
-0.09666669236668168
0.03169625991130143
-0.023615281495792072
-0.012399221639968698
0.0021701271312968714
-0.007869664409408459
0.039935442747397944
0.05427137199905506
0.013754192396076462
-0.011656558467721756
-0.07726100362822973
0.05906999276325104
0.050429891707459346
-0.059047564863007315
-0.08507549370018393
0.045381882515690544
0.12607720480182996
0.017483609905936868
-0.10457033871055803
-0.012051320448456413
0.02032934099113366
0.014403337346516575
0.07142820707173762
0.0651193851875094
-0.08060907188801916
-0.05888438108283687
0.09182760642932367
0.0664472141726289
-0.042684357345440585
-0.07017475733293381
0.019021089460615734
0.04761440826386529
0.04767148968224719
-0.059448731179680955
0.006051197103700562
0.052075613258565766
0.0004240062960025042
0.04549334797168865
-0.020075549525051015
-0.02702739404414821
0.04666073592518776
0.04859241815043713
-0.03815965203158586
0.0743834053910274
0.012249982005435298
0.03231027865584814
-0.04163543182879586
0.004330134742456742
0.07361906515876228
0.023585203713466216
-0.10973550116202901
-0.08248030804163156
0.21745083111059285
-0.003672478287939253
-0.12185082638678064
-0.05973753316510441
0.02912185037608506
0.09783604190805681
0.051006369143825364
-0.06682252112384263
-0.019164797456312617
0.0049479067060849875
0.06521328115402672
-0.007248948448570784
-0.009896471545217297
-0.02254781138199994
0.006677378674344173
0.02436480875587842
-0.01846204346464657
0.05198075948356006
0.1115856429375594
-0.05607399762814468
-0.02563237692900012
0.01011002832427928
0.016180290799233582
0.01740032570840268
-0.07154061243453952
-0.003446878112278358
0.02620205381105014
0.029715613869628472
0.04128129294622381
-0.02811759402495643
-0.05628463333597856
0.05869303146379192
-0.035882803726366014
0.03391382974493474
0.008073091954063435
-0.057762568623603266
0.035739182625140704
0.06785701855602833
-0.016311306552347513
-0.012235500255933946
-0.015087950185742207
1.5861567241257938e-06
0.06744049222062698
0.002044936390780975
0.01775967139982295
-0.07186693718687018
0.034720003983791
0.04245524915673133
-0.011517077418440748
0.010956754217875071
0.018741989376147444
-0.031196098616331897
0.0025936309035940416
-0.006133696673714617
0.0781426550593926
-0.06287852664267907
-0.023643496343529604
0.003302855356389675
0.022098039294954984
0.039528793043690696
0.0054574363231638025
-0.06078021558973769
0.0008475555994445804
0.04420805226754022
-0.03638027625256501
-0.00452621719022928
0.06469883274851615
-0.023836269510215138
-0.03643990646182398
0.05897831755817471
0.01919668796226918
-0.06056704794538036
-0.011186873727580033
0.06755971531595632
0.014486229707888853
-0.022490038647865796
0.002517298340546079
0.013400302830864576
-0.04679765616161504
0.04975325689714095
0.12380631023251697
-0.0655544716518105
-0.1567808418152756
0.046781375185243085
0.08908493615788868
-0.006743048393569647
-0.022505703761456195
-0.04463991377784278
0.06646019714512089
0.010689669657248792
-0.023944266283871127
-0.036469173718962015
0.043874063801599
0.00678667498498909
0.02439900963097712
0.013664183117274872
-0.0024218717676885186
-0.08198778296338204
0.05643789408807543
0.013357278226763468
0.03029295255849566
-0.040401944577285034
-0.10225302819110653
0.03339706520412264
0.061342609003218244
0.0056860239303664776
0.03088374481888469
-0.025753591736086448
-0.010344818464460127
0.0007917317644805104
0.029415566605274678
0.02050837810850786
-0.02822208673254167
-0.07049785377920462
0.03283440240752271
-0.01728758037055712
0.03374512198517152
-0.004659103986084286
-0.0546552995839164
0.03200335009599289
0.06166952821385589
0.005034835690046909
-0.07286745342969925
0.02133138544867817
0.024421721460862342
-0.02737542547992584
0.07207371299013444
0.01995664442459396
-0.002816586555867082
-0.05126514713158985
0.054700039842923986
-0.06436554455145001
-0.07621059475873754
0.11608722836173477
0.0002398320482964659
-0.012327480750320157
-0.05621565061958367
-0.03879979309899115
0.1178371621531116
-0.02941070487230481
-0.10063616935867101
0.010763662421310475
0.09211927802454059
0.03837168306656713
-0.05067332183271057
0.05395502073027903
-0.07978609114272928
0.01020319122811821
0.02695255760103315
-0.005949514647088466
-0.05412948997058103
-0.004368181501881988
-0.002108893964663212
0.13353977749636037
-0.039747702539789556
-0.03403604430579929
0.04686258430175222
-0.0394090748688871
0.03520981406485149
0.0007524901544766686
-0.056593553390913515
0.04617641927688821
-0.03489781607612255
0.009359711291435707
0.0107482314985272
-0.02247666433111685
0.025302652394966405
-0.047968835878307164
0.06464222296496698
