00100

100010110000011000100100100001
100111001101111101010001111000
111111111110000110001110110011
001110000000110101000000001011
111111111111011111011000100110
001000100100110000100110011111
111010000100100011111111100010
010011111001001100101010010110
111111111010100111100100011100
001010111110101011110010110000

100010110000011000100100100001
100111001101111011001111000100
011110010000000000000000110001
111111111111111111111111010110
000000000000000000000000101001
111111111111111111111111010110
000000000000000000000000101001
111111111111111111111111010110
000000000000000000000000000000
0





00100
100010110000011000100100100001
100111001101111101010001111000
111111111110000110001110110011
001110000000110101000000001011
111111111111011111011000100110
001000100100110000100110011111
111010000100100011111111100010
010011111001001100101010010110
111111111010100111100100011100
001010111110101011110010110000

100010110000011000100100100001
100111001101111011001111000100
011110010000000000000000110001
111111111111111111111111010110
000000000000000000000000101001
111111111111111111111111010110
000000000000000000000000101001
111111111111111111111111010110
000000000000000000000000101001
111111111111111111111001000001
000101100000110001001001000011


001110011011110010010010011000
10000010010100


